10013
1001
10086
10128
10168
10191
10227
10256
10263
10264
10277
10313
10314
10316
10318
1031
10348
10359
10368
10429
10449
10474
10487
10499
10503
10510
10537
10546
10557
10560
10617
10622
10657
10672
10685
10696
10712
10772
10772
10797
10799
10833
10836
1083
10866
10884
1088
10894
10916
10943
10982
10986
11000
1104
11099
11102
11108
11109
11116
1112
11131
11133
11155
11179
11280
11297
112
11319
1134
11398
11422
11423
11475
11503
11525
11660
11678
11686
1168
11715
1172
11753
11753
11755
11768
11830
11847
11884
11940
11946
11977
12001
12026
12156
12156
12162
12165
12188
12191
12262
12262
12301
1232
12334
12384
12392
12510
12536
12544
12555
12556
12559
12594
12616
12642
12644
12646
12682
12707
12727
12743
1275
12765
12788
12868
1287
1289
128
12927
12947
12962
12994
13026
13042
13051
13086
13089
13108
13115
13222
13273
13274
13293
13370
13414
13436
13470
13494
134
13515
13581
13618
13647
13664
13715
13715
13725
13737
13738
13749
13754
13769
13821
13836
13861
13869
13879
13882
13916
13916
13938
13978
14018
14027
14041
1407
14089
141
14216
14216
14235
14242
14243
14250
14282
14295
14304
14341
1434
14357
1437
14396
1439
14434
14443
14454
14455
14515
14580
14600
14624
14629
14649
14698
14699
14711
14744
14763
14814
14856
14866
1486
14875
14907
14971
14976
14984
15045
15058
15063
15067
15109
15126
15134
15134
15146
15150
15154
15172
15205
15258
15271
15289
15323
15334
15345
15350
15410
15410
15474
15477
15510
15529
15537
15540
15577
15605
15648
15648
15693
15697
15702
15716
15767
15779
15804
15903
15950
15968
16017
16022
16050
16052
1605
16065
16074
16134
16159
16159
16183
16187
16187
16191
16193
16205
16216
16225
16263
16271
16272
16277
16278
16330
16391
16474
16477
164
16515
16527
16557
16753
1677
1677
1680
16810
16912
16929
16944
16944
16978
1698
16993
17041
17042
17135
17185
171
17204
17206
17234
17234
17242
17275
17297
17297
17364
17365
17380
17406
17406
17436
17468
17552
17553
17568
17577
17584
17618
17621
17684
17701
17702
17704
17705
17706
17707
17708
17709
17711
17727
17829
1783
17865
17871
17877
17897
17920
17921
17923
17944
17952
17987
18012
18039
18048
1804
18069
18086
18176
18205
1826
18362
18414
1868
1876
18792
1880
1891
1900
1912
1921
1955
2013
2045
2053
2066
2107
2153
215
21
2200
2201
2206
2219
2242
226
2275
2279
2299
2299
2320
2381
2394
239
2416
2426
2447
2596
2697
2717
2722
2727
278
2837
2862
2868
2874
2925
2937
2940
3096
3108
3127
3160
3196
3218
323
329
3310
3327
332
337
3410
3435
343
3451
3474
3476
3499
3519
3520
352
3535
3546
3550
3570
3591
3698
3754
3813
3833
3841
3847
3887
3925
3960
3971
3972
3981
4068
4085
4091
4109
4201
4317
4411
4427
4577
4624
4652
4657
4658
4755
475
4795
4867
4899
4913
4923
4925
4943
4990
5056
5075
5089
5100
5102
5121
5165
5198
528
5306
5325
5384
5417
541
5443
5460
546
5482
5482
5511
5535
5541
5555
5555
5560
55
5615
5616
5617
5650
5652
5657
5658
5658
5682
5684
5684
5694
569
5721
5724
5763
5790
5796
5799
5808
5808
5808
5846
5862
5876
5883
5905
5918
591
591
5932
5970
5980
5983
6006
6008
6048
6056
6086
6103
6106
6108
6119
6120
6162
6165
6168
61
6214
6226
6229
6267
6294
6302
6308
6312
6328
6329
6333
6357
6373
6407
6473
6500
6505
6505
6513
6516
6520
6545
6596
6601
6604
6606
6632
6636
6653
6656
6658
6662
6664
6669
6688
6691
6708
6713
6729
6797
6811
6811
6831
6843
6859
6926
6983
6995
7006
7021
7022
7068
7090
7105
7122
7227
722
7230
7239
7267
728
7364
7433
7481
7483
7484
748
751
7539
7571
7598
7673
7703
7724
7733
7744
7748
7750
7758
7773
7774
7854
7863
7865
7871
7939
7999
8031
8069
8079
818
8190
8221
8222
8227
8228
8234
823
8292
8323
8350
8361
8370
8398
8406
8407
8464
8488
8488
8503
8554
8568
8569
8577
857
8615
861
8631
8637
8682
8683
8716
8716
8725
873
8754
8794
8848
8872
8879
8880
8898
889
8930
8936
8947
9004
9039
9094
9104
9105
9162
9166
9199
9214
9270
9292
9330
9339
9339
9404
9423
9430
9462
9466
9484
9504
9544
9545
9587
9599
9599
9599
9789
979
9818
9959
